

Terr=[0     0     0     0     0     0     0     0     0     0     0     0     0     0;
      0     2    48   124   118   110    92    92    56     6     0     0     0     0;
      0     8   160   406   460   438   386   380   276    64     0     0     0     0;
      0     2   114   392   478   394   250   194    98    10     0     0     0     0;
      0     0    18   128   196   112    24     2     0     0     0     0     0     0;
      0     0     0     0    10    52    34    12    88   190   152    32     0     0;
      0     0     0    24   168   260   128    92   302   340   300   190    12     0;
      0     0     0    20   126   156    46    42   162   290   324   156    14     0;
      0     0     0     0     0     0     0     0     0     2     8     2     0     0;
      0     0     0     0     0     0     0     0     0     0     0     0     0     0];
  
